%       V1,   V2,   V5,   V8,   V11,  V13   T11   T12   T15   T36  
%       Q10   Q12   Q15   Q17   Q20   Q21   Q23   Q24   Q29
xMax = [1.10, 1.10, 1.10, 1.10, 1.10, 1.10, 1.10, 1.10, 1.10, 1.10...
        2,    7.5,  2.5,  5.8,  0.7,  11.2, 1.6,  6.7,  0.9];
xMin = [0.95, 0.95, 0.95, 0.95, 0.95, 0.95, 0.90, 0.90, 0.90, 0.90...
        0,    0,    0,    0,    0,    0,    0,    0,    0];



    %%%%

    data.gen(2, 2) = 48.7485;
    data.gen(3, 2) = 21.4367;
    data.gen(4, 2) = 21.0562;
    data.gen(5, 2) = 12.1789;
    data.gen(6, 2) = 12;
    data.gen(1, 6) = 1.08550;
    data.gen(2, 6) = 1.06612;
    data.gen(3, 6) = 1.03580;
    data.gen(4, 6) = 1.03984;
    data.gen(5, 6) = 1.09607;
    data.gen(6, 6) = 1.04231;
    data.branch(11, 9) = 1.09964;
    data.branch(12, 9) = 0.90058;
    data.branch(15, 9) = 0.97147;
    data.branch(36, 9) = 0.97526;
    data.bus(10, 6) = 4.90554;
    data.bus(12, 6) = 5;
    data.bus(15, 6) = 3.47936;
    data.bus(17, 6) = 5;
    data.bus(20, 6) = 3.96613;
    data.bus(21, 6) = 5;
    data.bus(23, 6) = 4.90921;
    data.bus(24, 6) = 4.99335;
    data.bus(29, 6) = 2.77936;
    %%%%%%%%