% 1-54: P  55-108: V 109-117: T 118-129: Q
xMax = [100, 100, 100, 100, 550, 185, 100, 100, 100, 100, ...
        320, 414, 100, 107, 100, 100, 100, 100, 100, 119, ...
        304, 148, 100, 100, 255, 260, 100, 491, 492, 805.2, ...
        100, 100, 100, 100, 100, 100, 577, 100, 104, 707, ...
        100, 100, 100, 100, 352, 140, 100, 100, 100, 100, ...
        136, 100, 100, 100, 1.1, 1.1, 1.1, 1.1, 1.1, 1.1, ...
        1.1, 1.1, 1.1, 1.1, 1.1, 1.1, 1.1, 1.1, 1.1, 1.1, ...
        1.1, 1.1, 1.1, 1.1, 1.1, 1.1, 1.1, 1.1, 1.1, 1.1, ...
        1.1, 1.1, 1.1, 1.1, 1.1, 1.1, 1.1, 1.1, 1.1, 1.1, ...
        1.1, 1.1, 1.1, 1.1, 1.1, 1.1, 1.1, 1.1, 1.1, 1.1, ...
        1.1, 1.1, 1.1, 1.1, 1.1, 1.1, 1.1, 1.1, 1.1, 1.1, ...
        1.1, 1.1, 1.1, 1.1, 1.1, 1.1, 1.1, 30,  30,  30 , ...
        30,  30,  30,  30,  30,  30,  30,  30,  30]
xMin = [0,   0,   0,   0,   0,   0,   0,   0,   0,   0, ...
        0,   0,   0,   0,   0,   0,   0,   0,   0,   0, ...
        0,   0,   0,   0,   0,   0,   0,   0,   0,   0, ...
        0,   0,   0,   0,   0,   0,   0,   0,   0,   0, ...
        0,   0,   0,   0,   0,   0,   0,   0,   0,   0, ...
        0,   0,   0,   0,   0.95,0.95,0.95,0.95,0.95,0.95, ...
        0.95,0.95,0.95,0.95,0.95,0.95,0.95,0.95,0.95,0.95, ...
        0.95,0.95,0.95,0.95,0.95,0.95,0.95,0.95,0.95,0.95, ...
        0.95,0.95,0.95,0.95,0.95,0.95,0.95,0.95,0.95,0.95, ...
        0.95,0.95,0.95,0.95,0.95,0.95,0.95,0.95,0.95,0.95, ...
        0.95,0.95,0.95,0.95,0.95,0.95,0.95,0.95,0.90,0.90, ...
        0.90,0.90,0.90,0.90,0.90,0.90,0.90,0,   0,   0,   ...
        0,   0,   0,   0,   0,   0,   0,   0,   0]  